184
202
211
231
1001
1003
1005
1007
1011
1014
1019
1022
1025
1072
1079
1080
1081
1082
1093
1097
1099
1108
1109
1141
1159
1160
1162
1164
1167
1169
1171
1190
1193
1194
1197
1198
1199
1202
1203
1204
1205
1206
1221
1225
1229
1231
1238
1253
1257
1258
1264
1269
1270
1276
1279
1284
1288
1289
1301
1309
1324
1326
1329
1337
1338
1342
1370
1371
1372
1383
1394
1399
1401
1415
1420
1428
1431
1437
1441
1447
1452
1455
1457
1511
1513
1531
1540
1569
1574
1575
1585
1606
1698
1737
1738
1911
1943
1967
1999
2007
2010
2014
2030
2043
2087
2107
2109
2141
2201
2244
2392
2416
2417
2440
2457
2482
2485
2487
2488
2491
2495
2518
2534
2566
2606
2607
2612
2647
2768
2788
2852
2853
2892
4131
4173
4206
4243
4262
4377
4390
4442
4467
4514
4586
5180
5227
5230
5267
5279
5318
5319
5353
18736
18746
18748
18750
18759
18790
18791
18793
18801
18809
18830
18842
18846
18848
18851
18853
18870
18873
18875
18878
18887
18896
18909
18915
18921
18930
18953
18958
18960
18969
18973
19010
19022
19038
19041
19044
19046
19049
19051
19074
19075
19077
19079
19080
19092
19196
